{
  "n_topics": 4,
  "topics": [
    {
      "topic_id": 0,
      "top_words": [
        "COMPONENT",
        "DATA",
        "application",
        "CONNECTOR",
        "support",
        "resource",
        "run",
        "SOLUTION",
        "configuration",
        "app",
        "java",
        "cluster",
        "create",
        "api",
        "provide"
      ],
      "num_issues": 1461
    },
    {
      "topic_id": 1,
      "top_words": [
        "index",
        "field",
        "value",
        "term",
        "segment",
        "DATA",
        "document",
        "CONNECTOR",
        "store",
        "api",
        "doc",
        "byte",
        "merge",
        "data",
        "COMPONENT"
      ],
      "num_issues": 654
    },
    {
      "topic_id": 2,
      "top_words": [
        "query",
        "COMPONENT",
        "search",
        "parser",
        "filter",
        "SOLUTION",
        "implementation",
        "document",
        "collector",
        "base",
        "version",
        "implement",
        "work",
        "match",
        "support"
      ],
      "num_issues": 521
    },
    {
      "topic_id": 3,
      "top_words": [
        "COMPONENT",
        "DATA",
        "job",
        "task",
        "CONNECTOR",
        "map",
        "time",
        "reduce",
        "memory",
        "run",
        "cluster",
        "data",
        "resource",
        "large",
        "number"
      ],
      "num_issues": 720
    }
  ],
  "doc_topic_dist": [
    [
      0.0007122507122510205,
      0.0007122507122510205,
      0.6962714259317022,
      0.30230407264379566
    ],
    [
      0.9197972263007776,
      0.0796770113438068,
      0.00026288117770778145,
      0.00026288117770778145
    ],
    [
      0.5615285544891929,
      0.056563324464654216,
      0.08702358792539011,
      0.2948845331207628
    ],
    [
      0.41739755179777077,
      0.00023234200743540786,
      0.03499585454670397,
      0.54737425164809
    ],
    [
      0.28446255413980265,
      5.180273518450145e-05,
      0.08853746095478587,
      0.6269481821702271
    ],
    [
      0.7402303904131798,
      0.00014076576576585873,
      0.25948807805528834,
      0.00014076576576585873
    ],
    [
      0.620813620889182,
      0.04155787685500475,
      0.16676178041156642,
      0.17086672184424673
    ],
    [
      0.8262141031538003,
      0.17346863796295078,
      0.0001586294416244817,
      0.0001586294416244817
    ],
    [
      0.7723765464296852,
      0.0001816860465117534,
      0.0001816860465117534,
      0.22726008147729138
    ],
    [
      0.4783500447994538,
      0.26633737269525765,
      0.00017844396859394181,
      0.2551341385366946
    ],
    [
      0.8791299903540541,
      0.00023234200743520376,
      0.12040532563107563,
      0.00023234200743520376
    ],
    [
      0.995033112582781,
      0.0016556291390730114,
      0.0016556291390730114,
      0.0016556291390730114
    ],
    [
      0.64735507099833,
      0.0007122507122509248,
      0.0007122507122509248,
      0.35122042757716815
    ],
    [
      0.733607178072375,
      0.000138811771238465,
      0.11920421950583299,
      0.14704979065055374
    ],
    [
      0.9993188010899181,
      0.00022706630336068921,
      0.00022706630336068921,
      0.00022706630336068921
    ],
    [
      0.9981296758104732,
      0.0006234413965088541,
      0.0006234413965088541,
      0.0006234413965088541
    ],
    [
      0.9989669421487597,
      0.00034435261708006513,
      0.00034435261708006513,
      0.00034435261708006513
    ],
    [
      0.9993755203996667,
      0.0002081598667778004,
      0.0002081598667778004,
      0.0002081598667778004
    ],
    [
      0.5607180582220145,
      0.00030266343825691904,
      0.00030266343825691904,
      0.4386766149014717
    ],
    [
      0.0002561475409837036,
      0.0002561475409837036,
      0.0002561475409837036,
      0.9992315573770488
    ],
    [
      0.9993483927019982,
      0.00021720243266734238,
      0.00021720243266734238,
      0.00021720243266734238
    ],
    [
      0.7082504324138499,
      0.00020391517128895154,
      0.00020391517128895154,
      0.2913417372435723
    ],
    [
      0.9563503454405843,
      0.042960949325253794,
      0.00034435261708094263,
      0.00034435261708094263
    ],
    [
      0.3871005335128067,
      0.20812506564194783,
      0.3867009768110241,
      0.018073424034221252
    ],
    [
      0.22711633664075342,
      0.000243664717349083,
      0.000243664717349083,
      0.7723963339245484
    ],
    [
      0.5956694437345683,
      0.4041244556883497,
      0.0001030502885409314,
      0.0001030502885409314
    ],
    [
      0.671386952208125,
      0.32778110103646624,
      0.0004159733777043323,
      0.0004159733777043323
    ],
    [
      0.9993029739776952,
      0.00023234200743498394,
      0.00023234200743498394,
      0.00023234200743498394
    ],
    [
      0.9986388384754986,
      0.00045372050816705955,
      0.00045372050816705955,
      0.00045372050816705955
    ],
    [
      0.9988019169329068,
      0.0003993610223643344,
      0.0003993610223643344,
      0.0003993610223643344
    ],
    [
      0.9239548765404342,
      0.0002323420074351178,
      0.07558043944469564,
      0.0002323420074351178
    ],
    [
      0.6744162109104161,
      0.0004990019960080909,
      0.0004990019960080909,
      0.3245857850975676
    ],
    [
      0.999302973977695,
      0.00023234200743506344,
      0.00023234200743506344,
      0.00023234200743506344
    ],
    [
      0.6598750757380979,
      0.0001369112814897102,
      0.0001369112814897102,
      0.3398511016989229
    ],
    [
      0.9992315573770488,
      0.0002561475409837855,
      0.0002561475409837855,
      0.0002561475409837855
    ],
    [
      0.11068443144946215,
      0.00016937669376706303,
      0.10602505701832081,
      0.78312113483845
    ],
    [
      0.8702963534620068,
      0.12907942681264975,
      0.0003121098626717636,
      0.0003121098626717636
    ],
    [
      0.8612340055397917,
      0.00011230907457327452,
      0.00011230907457327452,
      0.13854137631106164
    ],
    [
      0.9345313527744745,
      9.430403621279844e-05,
      9.430403621279844e-05,
      0.06528003915309981
    ],
    [
      0.5533010421545742,
      0.0007122507122514598,
      0.44527445642092284,
      0.0007122507122514598
    ],
    [
      0.47128205486791935,
      0.0004752851711031914,
      0.0004752851711031914,
      0.5277673747898743
    ],
    [
      0.9981296758104733,
      0.0006234413965088112,
      0.0006234413965088112,
      0.0006234413965088112
    ],
    [
      0.6711188739690602,
      0.0002039151712888465,
      0.0002039151712888465,
      0.32847329568836214
    ],
    [
      0.999033505154639,
      0.0003221649484536442,
      0.0003221649484536442,
      0.0003221649484536442
    ],
    [
      0.5472922857322607,
      0.00019984012789782862,
      0.36383185378751687,
      0.08867602035232455
    ],
    [
      0.6623370067072558,
      0.00024366471734906572,
      0.00024366471734906572,
      0.3371756638580459
    ],
    [
      0.29255299207975444,
      0.00022706630336065758,
      0.00022706630336065758,
      0.7069928753135243
    ],
    [
      0.9997059976479807,
      9.8000784006359e-05,
      9.8000784006359e-05,
      9.8000784006359e-05
    ],
    [
      0.9887005812816625,
      7.350779182595959e-05,
      0.011152403134685759,
      7.350779182595959e-05
    ],
    [
      0.6998376672009782,
      0.0001265182186235334,
      0.19355411012595541,
      0.10648170445444291
    ],
    [
      0.9991186839012923,
      0.00029377203290260906,
      0.00029377203290260906,
      0.00029377203290260906
    ],
    [
      0.9994235203689468,
      0.00019215987701778794,
      0.00019215987701778794,
      0.00019215987701778794
    ],
    [
      0.7750234009661213,
      0.0002853881278540387,
      0.22440582277817073,
      0.0002853881278540387
    ],
    [
      0.61926773101623,
      0.1377835200015762,
      0.2426265840337401,
      0.0003221649484537079
    ],
    [
      0.8370595498011443,
      0.0003566333808851417,
      0.10679875209343669,
      0.055785064724533956
    ],
    [
      0.8467936377276998,
      0.06350615901261508,
      0.000285388127853985,
      0.08941481513183111
    ],
    [
      0.0009960159362567373,
      0.0009960159362567373,
      0.6828305809308939,
      0.31517738719659266
    ],
    [
      0.7446558449588407,
      0.00013150973172020014,
      0.00013150973172020014,
      0.25508113557771905
    ],
    [
      0.9986388384754986,
      0.00045372050816704,
      0.00045372050816704,
      0.00045372050816704
    ],
    [
      0.9992690058479529,
      0.00024366471734909244,
      0.00024366471734909244,
      0.00024366471734909244
    ],
    [
      0.4377891180096882,
      0.00020391517128893956,
      0.3330918542669472,
      0.22891511255207547
    ],
    [
      0.9985029940119757,
      0.0004990019960080206,
      0.0004990019960080206,
      0.0004990019960080206
    ],
    [
      0.7503517668150648,
      0.0002497502497503725,
      0.2491487326854345,
      0.0002497502497503725
    ],
    [
      0.9988019169329065,
      0.00039936102236442014,
      0.00039936102236442014,
      0.00039936102236442014
    ],
    [
      0.3079302760343508,
      0.32916288281333456,
      0.0005543237250559869,
      0.3623525174272588
    ],
    [
      0.10238282690361063,
      0.2609064690212814,
      0.0004340277777779409,
      0.63627667629733
    ],
    [
      0.9990335051546385,
      0.0003221649484537615,
      0.0003221649484537615,
      0.0003221649484537615
    ],
    [
      0.315821150182324,
      0.00029377203290263876,
      0.00029377203290263876,
      0.6835913057518708
    ],
    [
      0.9996204453441292,
      0.0001265182186235321,
      0.0001265182186235321,
      0.0001265182186235321
    ],
    [
      0.9024732697392985,
      0.0001998401278978647,
      0.09712705000490587,
      0.0001998401278978647
    ],
    [
      0.8632096729216987,
      0.0004340277777780421,
      0.13592227152274503,
      0.0004340277777780421
    ],
    [
      0.3885150014163789,
      0.0006648936170219102,
      0.0006648936170219102,
      0.6101552113495773
    ],
    [
      0.9986388384754982,
      0.0004537205081671984,
      0.0004537205081671984,
      0.0004537205081671984
    ],
    [
      0.9991186839012921,
      0.00029377203290268083,
      0.00029377203290268083,
      0.00029377203290268083
    ],
    [
      0.22774198551385488,
      0.00038402457757311,
      0.00038402457757311,
      0.771489965330999
    ],
    [
      0.9986979166666652,
      0.00043402777777820233,
      0.00043402777777820233,
      0.00043402777777820233
    ],
    [
      0.9510005097996767,
      0.00041597337770396954,
      0.0481675434449153,
      0.00041597337770396954
    ],
    [
      0.5814562415629684,
      0.00036982248520727053,
      0.417804113466617,
      0.00036982248520727053
    ],
    [
      0.9999458522850336,
      1.8049238322153095e-05,
      1.8049238322153095e-05,
      1.8049238322153095e-05
    ],
    [
      0.9925742574257418,
      0.0024752475247527723,
      0.0024752475247527723,
      0.0024752475247527723
    ],
    [
      0.36526685364896927,
      0.0007122507122507965,
      0.0007122507122507965,
      0.6333086449265292
    ],
    [
      0.9978632478632472,
      0.0007122507122509352,
      0.0007122507122509352,
      0.0007122507122509352
    ],
    [
      0.999666814749,
      0.0001110617503332739,
      0.0001110617503332739,
      0.0001110617503332739
    ],
    [
      0.9980053191489359,
      0.000664893617021393,
      0.000664893617021393,
      0.000664893617021393
    ],
    [
      0.6500307837549147,
      0.00026288117770782894,
      0.34944345388966974,
      0.00026288117770782894
    ],
    [
      0.8367688576850694,
      0.00031210986267179384,
      0.16260692258958703,
      0.00031210986267179384
    ],
    [
      0.9980053191489355,
      0.000664893617021509,
      0.000664893617021509,
      0.000664893617021509
    ],
    [
      0.00019984012789776802,
      0.00019984012789776802,
      0.04378685954248063,
      0.9558134602017239
    ],
    [
      0.7051355240145177,
      0.00013506212857921065,
      0.00013506212857921065,
      0.2945943517283239
    ],
    [
      0.00021720243266743636,
      0.00021720243266743636,
      0.09628437480222736,
      0.9032812203324377
    ],
    [
      0.9997931605074463,
      6.894649751796345e-05,
      6.894649751796345e-05,
      6.894649751796345e-05
    ],
    [
      0.0002039151712888426,
      0.0002039151712888426,
      0.1627874516889793,
      0.8368047179684431
    ],
    [
      0.7055798295107014,
      0.0002378686964797118,
      0.0002378686964797118,
      0.29394443309633905
    ],
    [
      0.8054329209144307,
      7.871536523935151e-05,
      0.19440964835509045,
      7.871536523935151e-05
    ],
    [
      0.364704952203714,
      0.00014076576576590666,
      0.43734956746850157,
      0.1978047145620186
    ],
    [
      0.6178405362105583,
      0.38125202277310727,
      0.0004537205081671555,
      0.0004537205081671555
    ],
    [
      0.41648875102238603,
      0.00045372050816748787,
      0.00045372050816748787,
      0.5826038079612791
    ],
    [
      0.5535986394358648,
      0.0005543237250556205,
      0.0005543237250556205,
      0.4452927131140239
    ],
    [
      0.11248510452681483,
      0.00045372050816793434,
      0.1509745864101622,
      0.7360865885548551
    ],
    [
      0.997699386503067,
      0.0007668711656443642,
      0.0007668711656443642,
      0.0007668711656443642
    ],
    [
      0.6999719530098645,
      0.043848696774330585,
      0.0002561475409837485,
      0.25592320267482116
    ],
    [
      0.99750830564784,
      0.000830564784053371,
      0.000830564784053371,
      0.000830564784053371
    ],
    [
      0.848530043058908,
      0.0002497502497504618,
      0.0002497502497504618,
      0.15097045644159124
    ],
    [
      0.9985029940119755,
      0.0004990019960080965,
      0.0004990019960080965,
      0.0004990019960080965
    ],
    [
      0.9992315573770492,
      0.000256147540983664,
      0.000256147540983664,
      0.000256147540983664
    ],
    [
      0.9537872625015898,
      0.03362390762745949,
      6.754931099707735e-05,
      0.012521280559953529
    ],
    [
      0.6303443411943683,
      0.000399361022364413,
      0.000399361022364413,
      0.36885693676090275
    ],
    [
      0.069474123680289,
      0.5119023963903446,
      0.2853549507778148,
      0.13326852915155163
    ],
    [
      0.00015615240474710644,
      0.00015615240474710644,
      0.00015615240474710644,
      0.9995315427857586
    ],
    [
      0.3985968248027727,
      0.18623863018328654,
      9.99600159936337e-05,
      0.41506458499794713
    ],
    [
      0.7028401779629813,
      0.00023786869647962166,
      0.2966840846440595,
      0.00023786869647962166
    ],
    [
      0.5748708744297016,
      0.00016937669376713426,
      0.06094349017663895,
      0.36401625869989235
    ],
    [
      0.3227274556181867,
      0.00011488970588241208,
      0.00011488970588241208,
      0.6770427649700484
    ],
    [
      0.00022202486678514827,
      0.00022202486678514827,
      0.00022202486678514827,
      0.9993339253996445
    ],
    [
      0.7784928868912302,
      0.03867027626103981,
      0.04709488003707922,
      0.13574195681065093
    ],
    [
      0.6345060762773896,
      0.0004537205081671848,
      0.0004537205081671848,
      0.364586482706276
    ],
    [
      0.999143835616437,
      0.0002853881278543671,
      0.0002853881278543671,
      0.0002853881278543671
    ],
    [
      0.3371537767377483,
      0.00016655562958039645,
      0.12660264579753963,
      0.5360770218351316
    ],
    [
      0.7436846769561417,
      0.0002853881278540332,
      0.25574454678815023,
      0.0002853881278540332
    ],
    [
      0.4845437659974332,
      0.0001427755568247186,
      0.0001427755568247186,
      0.5151706828889174
    ],
    [
      0.9988019169329068,
      0.0003993610223643442,
      0.0003993610223643442,
      0.0003993610223643442
    ],
    [
      0.08787444426268995,
      0.00022202486678538194,
      0.03572422964597597,
      0.8761793012245487
    ],
    [
      0.9992113564668771,
      0.00026288117770770393,
      0.00026288117770770393,
      0.00026288117770770393
    ],
    [
      0.6571219718237808,
      0.19156274344505705,
      0.0001611863313992762,
      0.15115409839976282
    ],
    [
      0.4768338627480838,
      0.2564375622469996,
      0.0002323420074350725,
      0.26649623299748154
    ],
    [
      0.9134260308783622,
      0.000554323725056713,
      0.000554323725056713,
      0.08546532167152415
    ],
    [
      0.9996343247196486,
      0.00012189176011705326,
      0.00012189176011705326,
      0.00012189176011705326
    ],
    [
      0.9978632478632474,
      0.0007122507122508639,
      0.0007122507122508639,
      0.0007122507122508639
    ],
    [
      0.761498600739526,
      0.23668980505757514,
      0.0009057971014495104,
      0.0009057971014495104
    ],
    [
      0.727372768085493,
      0.00019592476489034872,
      0.27223538238472644,
      0.00019592476489034872
    ],
    [
      0.00038402457757308876,
      0.00038402457757308876,
      0.9988479262672807,
      0.00038402457757308876
    ],
    [
      0.5767472419025707,
      0.09393949544110962,
      0.12270904296548912,
      0.20660421969083057
    ],
    [
      0.9981296758104731,
      0.000623441396508881,
      0.000623441396508881,
      0.000623441396508881
    ],
    [
      0.5423333497836974,
      0.0005868544600944856,
      0.0005868544600944856,
      0.4564929412961138
    ],
    [
      0.6756753528997583,
      0.036215655555006145,
      3.164156435896478e-05,
      0.2880773499808765
    ],
    [
      0.5072943540335257,
      0.00043402777777789946,
      0.4918375904109184,
      0.00043402777777789946
    ],
    [
      0.878536901539701,
      0.0003328894806925283,
      0.12079731949891377,
      0.0003328894806925283
    ],
    [
      0.973004248333294,
      0.0001638269986894321,
      0.026668097669327106,
      0.0001638269986894321
    ],
    [
      0.8969461322064516,
      0.0002699784017280436,
      0.10251391099009236,
      0.0002699784017280436
    ],
    [
      0.0005543237250559931,
      0.6453599111055536,
      0.35353144144433435,
      0.0005543237250559931
    ],
    [
      0.47205958939686693,
      0.00019984012789786093,
      0.18467154888177256,
      0.3430690215934627
    ],
    [
      0.7588686125791039,
      0.2393197932179972,
      0.000905797101449506,
      0.000905797101449506
    ],
    [
      0.49811047687286786,
      0.0009057971014499504,
      0.5000779289242323,
      0.0009057971014499504
    ],
    [
      0.9287626191644304,
      9.087604507457286e-05,
      0.07105562874542046,
      9.087604507457286e-05
    ],
    [
      0.0005868544600942895,
      0.0005868544600942895,
      0.0005868544600942895,
      0.998239436619717
    ],
    [
      0.5187732941054676,
      0.0003328894806926796,
      0.06721174116522953,
      0.4136820752486102
    ],
    [
      0.9993188010899182,
      0.00022706630336064528,
      0.00022706630336064528,
      0.00022706630336064528
    ],
    [
      0.889463033837502,
      0.000525210084033816,
      0.10948654599443015,
      0.000525210084033816
    ],
    [
      0.934113871780544,
      0.00017229496898701332,
      0.06554153828148217,
      0.00017229496898701332
    ],
    [
      0.8663837062923504,
      0.000126518218623786,
      0.000126518218623786,
      0.13336325727040194
    ],
    [
      0.475091625641764,
      0.08838874990668737,
      0.43596530072649275,
      0.000554323725055732
    ],
    [
      0.6485283982462962,
      0.13030794619620942,
      0.0001469723691947982,
      0.22101668318829973
    ],
    [
      0.9993483927019982,
      0.00021720243266732493,
      0.00021720243266732493,
      0.00021720243266732493
    ],
    [
      0.9976993865030671,
      0.0007668711656443041,
      0.0007668711656443041,
      0.0007668711656443041
    ],
    [
      0.7870687694571885,
      0.00014076576576581347,
      0.00014076576576581347,
      0.21264969901127997
    ],
    [
      0.4874670982833796,
      0.0602121148014462,
      0.20282414506372595,
      0.24949664185144832
    ],
    [
      0.8632046330526154,
      0.1360557219769687,
      0.000369822485207862,
      0.000369822485207862
    ],
    [
      0.6758735056800772,
      0.2405849400646514,
      0.08271098947121701,
      0.0008305647840543412
    ],
    [
      0.9993188010899181,
      0.00022706630336065785,
      0.00022706630336065785,
      0.00022706630336065785
    ],
    [
      0.8651754042935689,
      0.00035663338088495565,
      0.00035663338088495565,
      0.1341113289446611
    ],
    [
      0.7904659918332444,
      0.0001204238921002339,
      0.0001204238921002339,
      0.20929316038255497
    ],
    [
      0.7312698129483669,
      0.1025308023233129,
      0.16547088144123115,
      0.0007285032870889801
    ],
    [
      0.34823487187021085,
      0.00014484356894578563,
      0.05947057726890834,
      0.5921497072919351
    ],
    [
      0.9985741444866912,
      0.0004752851711028513,
      0.0004752851711028513,
      0.0004752851711028513
    ],
    [
      0.683936618832268,
      0.0008305647840538814,
      0.0008305647840538814,
      0.3144022515996242
    ],
    [
      0.8600931551443348,
      0.0001041232819659442,
      0.13969859829173323,
      0.0001041232819659442
    ],
    [
      0.6941104983878285,
      0.00024366471734906545,
      0.3054021721774734,
      0.00024366471734906545
    ],
    [
      0.4450458350495108,
      0.30584745011165587,
      0.029009765482272708,
      0.22009694935656057
    ],
    [
      0.8476488733858494,
      0.00027746947835759434,
      0.10122469388084783,
      0.05084896325494494
    ],
    [
      0.8808405139959621,
      0.11889296148378167,
      0.00013326226012800254,
      0.00013326226012800254
    ],
    [
      0.9017784078515496,
      0.09784451824196451,
      0.00018853695324299433,
      0.00018853695324299433
    ],
    [
      0.5686470684044468,
      8.471704506951158e-05,
      0.431183497505414,
      8.471704506951158e-05
    ],
    [
      0.924016752855544,
      0.00039936102236461324,
      0.07518452509972667,
      0.00039936102236461324
    ],
    [
      0.7879835045288512,
      0.00030266343825747946,
      0.03683995670001142,
      0.1748738753328797
    ],
    [
      0.8010987705758134,
      0.0005868544600940525,
      0.0005868544600940525,
      0.19772752050399867
    ],
    [
      0.998424369747898,
      0.0005252100840338825,
      0.0005252100840338825,
      0.0005252100840338825
    ],
    [
      0.45166582745555345,
      0.0004990019960082778,
      0.54733616855243,
      0.0004990019960082778
    ],
    [
      0.8833210617153101,
      0.11644648826144452,
      0.00011622501162259521,
      0.00011622501162259521
    ],
    [
      0.37136091663090814,
      0.00020391517128881437,
      0.00020391517128881437,
      0.6282312530265142
    ],
    [
      0.6828414086528399,
      0.00043402777777809635,
      0.31629053579160377,
      0.00043402777777809635
    ],
    [
      0.35587970970916366,
      0.1945144989460518,
      0.0002561475409838838,
      0.44934964380380055
    ],
    [
      0.8306826850077299,
      0.16862860975810884,
      0.0003443526170805198,
      0.0003443526170805198
    ],
    [
      0.9445220949247825,
      0.05517957571960878,
      0.00014916467780436653,
      0.00014916467780436653
    ],
    [
      0.998005319148936,
      0.0006648936170213698,
      0.0006648936170213698,
      0.0006648936170213698
    ],
    [
      0.31133077761450334,
      6.991051454143527e-05,
      6.991051454143527e-05,
      0.6885294013564138
    ],
    [
      0.5126547024198398,
      0.12635864170793007,
      0.3607487871757505,
      0.0002378686964796741
    ],
    [
      0.8928942605262057,
      0.00029377203290261177,
      0.10651819540798901,
      0.00029377203290261177
    ],
    [
      0.9991900647948161,
      0.00026997840172801845,
      0.00026997840172801845,
      0.00026997840172801845
    ],
    [
      0.7559942024964263,
      0.0005868544600940839,
      0.2428320885833853,
      0.0005868544600940839
    ],
    [
      0.998638838475498,
      0.0004537205081672956,
      0.0004537205081672956,
      0.0004537205081672956
    ],
    [
      0.9985029940119746,
      0.0004990019960083907,
      0.0004990019960083907,
      0.0004990019960083907
    ],
    [
      0.6123634324053164,
      0.00039936102236442036,
      0.3868378455499547,
      0.00039936102236442036
    ],
    [
      0.9994343891402715,
      0.00018853695324287366,
      0.00018853695324287366,
      0.00018853695324287366
    ],
    [
      0.922571910581631,
      0.00021720243266766325,
      0.07699368455303375,
      0.00021720243266766325
    ],
    [
      0.4973134067078758,
      0.0003443526170800959,
      0.0003443526170800959,
      0.501997888057964
    ],
    [
      0.47539934836932624,
      0.06332288032440682,
      0.4610605688735993,
      0.00021720243266771312
    ],
    [
      0.9950331125827782,
      0.0016556291390739998,
      0.0016556291390739998,
      0.0016556291390739998
    ],
    [
      0.6689114466518793,
      0.009788915462311538,
      0.0906946890925269,
      0.23060494879328233
    ],
    [
      0.0014204545454553166,
      0.0014204545454553166,
      0.0014204545454553166,
      0.995738636363634
    ],
    [
      0.7677318605639727,
      0.23199801517886826,
      0.0001350621285794389,
      0.0001350621285794389
    ],
    [
      0.8005256006225955,
      0.00035663338088467945,
      0.1987611326156351,
      0.00035663338088467945
    ],
    [
      0.7781548991702362,
      0.22122088110442042,
      0.00031210986267181346,
      0.00031210986267181346
    ],
    [
      0.8110676298065475,
      0.0925814698030624,
      0.0002853881278542812,
      0.09606551226253589
    ],
    [
      0.3222424012916852,
      0.0001407657657658299,
      0.0001407657657658299,
      0.6774760671767831
    ],
    [
      0.3196295825806171,
      0.34080812600861404,
      3.377921902447841e-05,
      0.3395285121917444
    ],
    [
      0.8227739638112025,
      0.00014916467780438372,
      0.1769277068331887,
      0.00014916467780438372
    ],
    [
      0.8260471924314132,
      0.056388058513095654,
      0.11720811567460568,
      0.0003566333808853261
    ],
    [
      0.9975083056478398,
      0.0008305647840534191,
      0.0008305647840534191,
      0.0008305647840534191
    ],
    [
      0.7249905599354516,
      0.00031210986267176337,
      0.2743852203392049,
      0.00031210986267176337
    ],
    [
      0.9995164410058024,
      0.0001611863313992175,
      0.0001611863313992175,
      0.0001611863313992175
    ],
    [
      0.9992113564668766,
      0.0002628811777078382,
      0.0002628811777078382,
      0.0002628811777078382
    ],
    [
      0.8721034191266649,
      0.0002699784017280618,
      0.12735662406987922,
      0.0002699784017280618
    ],
    [
      0.5289743560383072,
      0.0004990019960082601,
      0.4700276399696762,
      0.0004990019960082601
    ],
    [
      0.6216597201050289,
      0.00024366471734904254,
      0.00024366471734904254,
      0.377852950460273
    ],
    [
      9.255831173645259e-05,
      9.255831173645259e-05,
      9.255831173645259e-05,
      0.9997223250647906
    ],
    [
      0.9989669421487599,
      0.0003443526170799614,
      0.0003443526170799614,
      0.0003443526170799614
    ],
    [
      0.9985029940119753,
      0.0004990019960081595,
      0.0004990019960081595,
      0.0004990019960081595
    ],
    [
      0.2693171729072685,
      0.00018853695324299298,
      0.00018853695324299298,
      0.7303057531862455
    ],
    [
      0.7005746438910204,
      0.0611163574718828,
      0.0001586294416244517,
      0.23815036919547236
    ],
    [
      0.999638728323699,
      0.00012042389210024446,
      0.00012042389210024446,
      0.00012042389210024446
    ],
    [
      0.04778117534954028,
      0.00023786869648004672,
      0.0644766807523537,
      0.887504275201626
    ],
    [
      0.4128379341643205,
      0.0003328894806924503,
      0.0003328894806924503,
      0.5864962868742946
    ],
    [
      0.8507021166871255,
      0.14914408448174565,
      7.689941556451421e-05,
      7.689941556451421e-05
    ],
    [
      0.9983370288248331,
      0.0005543237250555567,
      0.0005543237250555567,
      0.0005543237250555567
    ],
    [
      0.9989300998573456,
      0.00035663338088475383,
      0.00035663338088475383,
      0.00035663338088475383
    ],
    [
      0.9499438531062321,
      0.04934288013199776,
      0.0003566333808850522,
      0.0003566333808850522
    ],
    [
      0.9989300998573462,
      0.0003566333808845629,
      0.0003566333808845629,
      0.0003566333808845629
    ],
    [
      0.6873398912888808,
      0.00036982248520729894,
      0.00036982248520729894,
      0.31192046374070453
    ],
    [
      0.5196761890284413,
      0.00032216494845372496,
      0.00032216494845372496,
      0.4796794810746512
    ],
    [
      0.3116749278663367,
      0.00016118633139919223,
      0.00016118633139919223,
      0.6880026994708649
    ],
    [
      0.8489661446352543,
      0.0004537205081670572,
      0.15012641434841142,
      0.0004537205081670572
    ],
    [
      0.7637523919114148,
      0.00013326226012801512,
      0.1592643259434816,
      0.07685001988497568
    ],
    [
      0.9996002132196158,
      0.00013326226012800454,
      0.00013326226012800454,
      0.00013326226012800454
    ],
    [
      0.8809690459701246,
      0.11853145353037445,
      0.0002497502497505805,
      0.0002497502497505805
    ],
    [
      0.9086068277791158,
      0.08996867079638175,
      0.0007122507122511999,
      0.0007122507122511999
    ],
    [
      0.3342519974136469,
      0.00024975024975033925,
      0.00024975024975033925,
      0.6652485020868525
    ],
    [
      0.9987520798668881,
      0.0004159733777039183,
      0.0004159733777039183,
      0.0004159733777039183
    ],
    [
      0.8770851920394724,
      0.00023786869647970295,
      0.12243907056756834,
      0.00023786869647970295
    ],
    [
      0.5088849711729566,
      0.0005868544600942034,
      0.48994131990685497,
      0.0005868544600942034
    ],
    [
      0.530730622181202,
      0.00019215987701775414,
      0.00019215987701775414,
      0.4688850580647624
    ],
    [
      0.5212374140605179,
      9.342301943219696e-05,
      0.01804501989766932,
      0.4606241430223806
    ],
    [
      0.5640567558902706,
      0.00013506212857922314,
      0.2817951542683698,
      0.1540130277127804
    ],
    [
      0.7974177578448604,
      0.000499001996008304,
      0.20158423816312301,
      0.000499001996008304
    ],
    [
      0.9992113564668768,
      0.00026288117770780845,
      0.00026288117770780845,
      0.00026288117770780845
    ],
    [
      0.8202573507516464,
      7.297139521311133e-05,
      7.297139521311133e-05,
      0.17959670645792739
    ],
    [
      0.14130840593993818,
      0.00020815986677779534,
      0.05429542269052875,
      0.8041880115027553
    ],
    [
      0.5027112873720538,
      0.05901590752385144,
      0.00022202486678564784,
      0.43805078023730903
    ],
    [
      0.0005252100840337658,
      0.0005252100840337658,
      0.0005252100840337658,
      0.9984243697478986
    ],
    [
      0.5521102134644308,
      0.3049058831183575,
      0.0001722949689869726,
      0.1428116084482249
    ],
    [
      0.4253056014752758,
      0.5739263493695774,
      0.0003840245775732952,
      0.0003840245775732952
    ],
    [
      0.9988479262672806,
      0.00038402457757307206,
      0.00038402457757307206,
      0.00038402457757307206
    ],
    [
      0.673655941066586,
      0.00033288948069260275,
      0.32567827997202875,
      0.00033288948069260275
    ],
    [
      0.8247450057369519,
      0.04497952241786848,
      0.0003328894806926894,
      0.1299425823644868
    ],
    [
      0.493994263643255,
      0.00016118633139914693,
      0.00016118633139914693,
      0.5056833636939467
    ],
    [
      0.38134802806043594,
      0.00010864841373319715,
      0.00010864841373319715,
      0.6184346751120977
    ],
    [
      0.9993188010899182,
      0.0002270663033606296,
      0.0002270663033606296,
      0.0002270663033606296
    ],
    [
      0.7721188107492785,
      0.00036982248520726885,
      0.00036982248520726885,
      0.22714154428030683
    ],
    [
      0.7892053556852959,
      0.0003840245775731082,
      0.0003840245775731082,
      0.2100265951595577
    ],
    [
      0.7059806015813475,
      0.034477182875978965,
      0.0002628811777077586,
      0.25927933436496564
    ],
    [
      0.2977572900308651,
      8.617718028272852e-05,
      8.617718028272852e-05,
      0.7020703556085695
    ],
    [
      0.21558931294054395,
      0.00014277555682480638,
      0.7208978561274825,
      0.06337005537514878
    ],
    [
      0.47072935369598445,
      0.00016655562958049088,
      0.06714294415290577,
      0.4619611465215293
    ],
    [
      0.731693974861083,
      0.0003328894806925056,
      0.26764024617753185,
      0.0003328894806925056
    ],
    [
      0.733966043159147,
      0.00022706630336074267,
      0.05787402325483077,
      0.20793286728266147
    ],
    [
      0.99884792626728,
      0.00038402457757326694,
      0.00038402457757326694,
      0.00038402457757326694
    ],
    [
      0.9988905325443778,
      0.00036982248520734,
      0.00036982248520734,
      0.00036982248520734
    ],
    [
      0.5222294033492086,
      9.520182787515162e-05,
      9.520182787515162e-05,
      0.4775801929950411
    ],
    [
      0.9997872943845718,
      7.090187180945207e-05,
      7.090187180945207e-05,
      7.090187180945207e-05
    ],
    [
      0.5136504298167047,
      0.00022706630336087933,
      0.14615461826788603,
      0.33996788561204827
    ],
    [
      0.9957386363636357,
      0.0014204545454547866,
      0.0014204545454547866,
      0.0014204545454547866
    ],
    [
      0.7205956714312438,
      0.0004537205081672217,
      0.27849688755242175,
      0.0004537205081672217
    ],
    [
      0.7707154437506676,
      0.00034435261708036584,
      0.00034435261708036584,
      0.22859585101517158
    ],
    [
      0.9303900034571533,
      0.0005543237250560523,
      0.0005543237250560523,
      0.06850134909273448
    ],
    [
      0.7231736151074903,
      0.00015142337976995184,
      0.02858554133483701,
      0.24808942017790256
    ],
    [
      0.5376995552142286,
      0.08084528901366776,
      0.10000366095532669,
      0.281451494816777
    ],
    [
      0.7047328211913981,
      0.000332889480692491,
      0.177011161226011,
      0.11792312810189838
    ],
    [
      0.2020527501935897,
      0.2631566306694199,
      0.16560839815725648,
      0.36918222097973397
    ],
    [
      0.2608566367647045,
      0.0004990019960082325,
      0.0004990019960082325,
      0.7381453592432792
    ],
    [
      0.9975083056478404,
      0.0008305647840532159,
      0.0008305647840532159,
      0.0008305647840532159
    ],
    [
      0.9983370288248332,
      0.0005543237250555043,
      0.0005543237250555043,
      0.0005543237250555043
    ],
    [
      0.997282608695652,
      0.0009057971014493425,
      0.0009057971014493425,
      0.0009057971014493425
    ],
    [
      0.7402297448635103,
      0.0005543237250554828,
      0.25866160768637864,
      0.0005543237250554828
    ],
    [
      0.8658022138212764,
      0.0005252100840336641,
      0.13314736601065608,
      0.0005252100840336641
    ],
    [
      0.9285574291168744,
      0.000586854460093941,
      0.07026886196293765,
      0.000586854460093941
    ],
    [
      0.9972826086956521,
      0.0009057971014493246,
      0.0009057971014493246,
      0.0009057971014493246
    ],
    [
      0.5549593053264243,
      9.996001599365676e-05,
      0.1947547124715725,
      0.2501860221860096
    ],
    [
      0.9988479262672808,
      0.00038402457757299324,
      0.00038402457757299324,
      0.00038402457757299324
    ],
    [
      0.5844673744083405,
      0.00033288948069254176,
      0.00033288948069254176,
      0.4148668466302742
    ],
    [
      0.9988905325443777,
      0.00036982248520739044,
      0.00036982248520739044,
      0.00036982248520739044
    ],
    [
      0.3802347506836731,
      0.13800250621109159,
      0.4816393472513357,
      0.00012339585389945006
    ],
    [
      0.5045982474289156,
      0.00027746947835748006,
      0.00027746947835748006,
      0.4948468136143694
    ],
    [
      0.9987520798668881,
      0.0004159733777039251,
      0.0004159733777039251,
      0.0004159733777039251
    ],
    [
      0.8635014936122114,
      0.00038402457757330966,
      0.1357304572326418,
      0.00038402457757330966
    ],
    [
      0.7594259552635675,
      0.24055907512474425,
      7.484805844142758e-06,
      7.484805844142758e-06
    ],
    [
      0.6100321013804929,
      0.00015615240474716602,
      0.1774352401403565,
      0.21237650607440337
    ],
    [
      0.8932830055021775,
      0.10591827245309292,
      0.00039936102236466837,
      0.00039936102236466837
    ],
    [
      0.9990335051546383,
      0.00032216494845385186,
      0.00032216494845385186,
      0.00032216494845385186
    ],
    [
      0.9281440402584274,
      0.000623441396509083,
      0.000623441396509083,
      0.0706090769485544
    ],
    [
      0.9240928674370781,
      0.00045372050816731277,
      0.07499969154658716,
      0.00045372050816731277
    ],
    [
      0.9312084061466553,
      0.00034435261708010904,
      0.06810288861918432,
      0.00034435261708010904
    ],
    [
      0.22871850137915606,
      0.00035663338088450815,
      0.770568231859075,
      0.00035663338088450815
    ],
    [
      0.5276679343913532,
      0.00047528517110292977,
      0.00047528517110292977,
      0.47138149526644096
    ],
    [
      0.7666354987389651,
      0.17543196259996624,
      0.0004990019960084422,
      0.05743353666506033
    ],
    [
      0.7444249586993527,
      0.254743094545239,
      0.0004159733777040604,
      0.0004159733777040604
    ],
    [
      0.5298807751766621,
      0.12089995450003244,
      0.00018168604651173535,
      0.3490375842767937
    ],
    [
      0.9980053191489354,
      0.0006648936170215219,
      0.0006648936170215219,
      0.0006648936170215219
    ],
    [
      0.6638512983894133,
      0.00014277555682484973,
      0.33586315049693705,
      0.00014277555682484973
    ],
    [
      0.2553265097122649,
      0.00041597337770422015,
      0.15184919435252375,
      0.5924083225575072
    ],
    [
      0.9994448556624722,
      0.00018504811250931436,
      0.00018504811250931436,
      0.00018504811250931436
    ],
    [
      0.6989048744965054,
      0.0004340277777779996,
      0.0004340277777779996,
      0.3002270699479384
    ],
    [
      0.998337028824833,
      0.0005543237250555976,
      0.0005543237250555976,
      0.0005543237250555976
    ],
    [
      0.998005319148936,
      0.0006648936170213498,
      0.0006648936170213498,
      0.0006648936170213498
    ],
    [
      0.8655834451855281,
      0.00034435261708002437,
